data = [
0.000000 0.000000 -168 0
-0.000002 0.000130 -9 -47
-0.000006 0.000260 -34 -18
-0.000014 0.000393 -11 -43
-0.000026 0.000530 -4 1
-0.000041 0.000672 -5 6
-0.000060 0.000820 -6 4
-0.000084 0.000976 -5 13
-0.000113 0.001143 -10 27
-0.000147 0.001323 -6 30
-0.000187 0.001519 -13 31
-0.000236 0.001735 -10 42
-0.000293 0.001975 -14 48
-0.000362 0.002247 -16 53
-0.000444 0.002559 -19 65
-0.000544 0.002922 -26 80
-0.000667 0.003353 -22 103
-0.000821 0.003877 -29 116
-0.001017 0.004531 -31 141
-0.001276 0.005374 -43 168
-0.001630 0.006508 -52 208
-0.002141 0.008123 -71 254
-0.002940 0.010622 -99 337
-0.004357 0.015026 -142 499
-0.007555 0.024905 -244 798
-0.021429 0.067642 -705 2211
0.034094 -0.103205 1116 -3387
0.010306 -0.029957 334 -976
0.006345 -0.017733 201 -575
0.004717 -0.012689 151 -418
0.003831 -0.009930 120 -329
0.003274 -0.008187 98 -276
0.002893 -0.006984 88 -222
0.002615 -0.006101 81 -204
0.002405 -0.005425 75 -180
0.002240 -0.004890 77 -153
0.002107 -0.004455 67 -145
0.001998 -0.004095 62 -141
0.001908 -0.003790 61 -132
0.001831 -0.003529 60 -119
0.001765 -0.003302 58 -109
0.001708 -0.003103 58 -108
0.001658 -0.002927 51 -97
0.001615 -0.002770 49 -91
0.001576 -0.002629 49 -87
0.001541 -0.002501 52 -87
0.001510 -0.002385 46 -82
0.001483 -0.002279 42 -79
0.001457 -0.002181 44 -71
0.001434 -0.002091 41 -67
0.001414 -0.002007 44 -72
0.001395 -0.001929 36 -62
0.001377 -0.001857 42 -64
0.001361 -0.001789 50 -72
0.001346 -0.001725 41 -47
0.001332 -0.001665 50 -69
0.001320 -0.001608 41 -53
0.001308 -0.001554 39 -55
0.001297 -0.001503 36 -52
0.001286 -0.001455 34 -56
0.001277 -0.001409 38 -50
0.001268 -0.001365 38 -43
0.001259 -0.001323 37 -46
0.001252 -0.001283 40 -40
0.001244 -0.001244 38 -39
0.001237 -0.001207 36 -37
0.001230 -0.001172 39 -36
0.001224 -0.001137 39 -36
0.001218 -0.001104 35 -36
0.001213 -0.001072 35 -36
0.001208 -0.001042 39 -33
0.001203 -0.001012 40 -32
0.001198 -0.000983 37 -30
0.001193 -0.000955 37 -31
0.001189 -0.000928 41 -23
0.001185 -0.000902 32 -32
0.001181 -0.000876 34 -26
0.001178 -0.000851 22 -15
0.001174 -0.000827 35 -23
0.001171 -0.000803 41 -15
0.001168 -0.000780 38 -27
0.001165 -0.000758 37 -24
0.001162 -0.000736 35 -23
0.001159 -0.000714 36 -27
0.001157 -0.000693 35 -23
0.001154 -0.000673 32 -21
0.001152 -0.000652 32 -20
0.001150 -0.000633 36 -19
0.001147 -0.000613 35 -21
0.001145 -0.000594 40 -20
0.001143 -0.000576 36 -13
0.001141 -0.000557 31 -17
0.001140 -0.000539 36 -14
0.001138 -0.000521 37 -16
0.001136 -0.000504 32 -15
0.001135 -0.000486 33 -15
0.001133 -0.000469 35 -15
0.001132 -0.000453 39 -16
0.001131 -0.000436 33 -16
0.001129 -0.000420 37 -13
0.001128 -0.000404 37 -13
0.001127 -0.000388 42 -19
0.001126 -0.000372 33 -16
0.001125 -0.000356 38 -11
0.001124 -0.000341 34 -9
0.001123 -0.000326 22 -6
0.001122 -0.000310 35 -1
0.001121 -0.000295 21 -1
0.001120 -0.000281 37 -11
0.001119 -0.000266 28 -9
0.001119 -0.000251 32 -6
0.001118 -0.000237 30 -5
0.001117 -0.000222 35 -6
0.001117 -0.000208 28 1
0.001116 -0.000194 34 -2
0.001116 -0.000180 26 -8
0.001115 -0.000165 29 -7
0.001115 -0.000151 34 -2
0.001115 -0.000137 32 -2
0.001114 -0.000124 31 -2
0.001114 -0.000110 35 -3
0.001114 -0.000096 33 -1
0.001113 -0.000082 33 2
0.001113 -0.000068 23 0
0.001113 -0.000055 31 0
0.001113 -0.000041 30 -1
0.001113 -0.000027 33 1
0.001113 -0.000014 36 3
0.001113 0.000000 65 0
0.001113 0.000014 34 0
0.001113 0.000027 31 0
0.001113 0.000041 30 4
0.001113 0.000055 33 3
0.001113 0.000068 28 2
0.001113 0.000082 37 4
0.001114 0.000096 36 7
0.001114 0.000110 35 1
0.001114 0.000124 33 6
0.001115 0.000137 38 5
0.001115 0.000151 33 0
0.001115 0.000165 31 8
0.001116 0.000180 29 13
0.001116 0.000194 32 11
0.001117 0.000208 31 6
0.001117 0.000222 33 5
0.001118 0.000237 34 6
0.001119 0.000251 34 5
0.001119 0.000266 32 4
0.001120 0.000281 31 8
0.001121 0.000295 32 10
0.001122 0.000310 32 9
0.001123 0.000326 35 7
0.001124 0.000341 33 12
0.001125 0.000356 28 9
0.001126 0.000372 30 10
0.001127 0.000388 28 15
0.001128 0.000404 33 14
0.001129 0.000420 37 15
0.001131 0.000436 34 16
0.001132 0.000453 38 17
0.001133 0.000469 36 15
0.001135 0.000486 37 15
0.001136 0.000504 37 17
0.001138 0.000521 39 20
0.001140 0.000539 37 16
0.001141 0.000557 32 24
0.001143 0.000576 31 17
0.001145 0.000594 34 22
0.001147 0.000613 38 22
0.001150 0.000633 38 23
0.001152 0.000652 37 24
0.001154 0.000673 33 24
0.001157 0.000693 39 22
0.001159 0.000714 38 22
0.001162 0.000736 34 25
0.001165 0.000758 36 26
0.001168 0.000780 36 26
0.001171 0.000803 41 22
0.001174 0.000827 38 29
0.001178 0.000851 22 19
0.001181 0.000876 34 29
0.001185 0.000902 38 31
0.001189 0.000928 37 34
0.001193 0.000955 32 26
0.001198 0.000983 37 34
0.001203 0.001012 37 30
0.001208 0.001042 38 35
0.001213 0.001072 34 41
0.001218 0.001104 36 41
0.001224 0.001137 38 44
0.001230 0.001172 35 39
0.001237 0.001207 36 39
0.001244 0.001244 38 38
0.001252 0.001283 32 42
0.001259 0.001323 37 37
0.001268 0.001365 39 41
0.001277 0.001409 37 41
0.001286 0.001455 39 45
0.001297 0.001503 39 50
0.001308 0.001554 42 53
0.001320 0.001608 43 51
0.001332 0.001665 41 52
0.001346 0.001725 43 52
0.001361 0.001789 42 51
0.001377 0.001857 42 59
0.001395 0.001929 38 58
0.001414 0.002007 49 64
0.001434 0.002091 43 70
0.001457 0.002181 44 68
0.001483 0.002279 47 67
0.001510 0.002385 43 78
0.001541 0.002501 48 80
0.001576 0.002629 47 80
0.001615 0.002770 40 94
0.001658 0.002927 48 91
0.001708 0.003103 52 106
0.001765 0.003302 57 104
0.001831 0.003529 58 113
0.001908 0.003790 54 132
0.001998 0.004095 63 140
0.002107 0.004455 62 141
0.002240 0.004890 71 157
0.002405 0.005425 74 182
0.002615 0.006101 87 204
0.002893 0.006984 89 220
0.003274 0.008187 103 255
0.003831 0.009930 119 317
0.004717 0.012689 151 412
0.006345 0.017733 199 568
0.010306 0.029957 328 986
0.034094 0.103205 1111 3381
-0.021429 -0.067642 -703 -2213
-0.007555 -0.024905 -245 -801
-0.004357 -0.015026 -145 -494
-0.002940 -0.010622 -94 -351
-0.002141 -0.008123 -70 -265
-0.001630 -0.006508 -56 -205
-0.001276 -0.005374 -45 -179
-0.001017 -0.004531 -39 -150
-0.000821 -0.003877 -27 -123
-0.000667 -0.003353 -22 -106
-0.000544 -0.002922 -21 -98
-0.000444 -0.002559 -19 -84
-0.000362 -0.002247 -11 -70
-0.000293 -0.001975 -12 -63
-0.000236 -0.001735 -9 -62
-0.000187 -0.001519 -9 -50
-0.000147 -0.001323 -8 -44
-0.000113 -0.001143 -4 -39
-0.000084 -0.000976 -12 -31
-0.000060 -0.000820 -6 -27
-0.000041 -0.000672 -2 -23
-0.000026 -0.000530 -4 -17
-0.000014 -0.000393 -1 -5
-0.000006 -0.000260 -4 -4
-0.000002 -0.000130 -7 -4
];
