data = [
0.000000 0.000000 -2 0
-0.000089 0.007284 -11 -21
-0.000359 0.014634 -36 35
-0.000815 0.022115 -15 49
-0.001464 0.029799 -12 135
-0.002320 0.037764 -11 167
-0.003400 0.046097 -20 215
-0.004727 0.054897 -25 275
-0.006331 0.064284 -41 328
-0.008250 0.074397 -44 376
-0.010534 0.085411 -58 438
-0.013248 0.097543 -74 508
-0.016476 0.111070 -91 583
-0.020330 0.126353 -1 229
-0.024965 0.143877 -138 774
-0.030591 0.164303 -171 906
-0.037509 0.188568 -213 1062
-0.046159 0.218040 -265 1243
-0.057218 0.254802 -332 1478
-0.071768 0.302200 -426 1776
-0.091670 0.365966 -547 2181
-0.120402 0.456811 -731 2768
-0.165308 0.597345 -1020 3674
-0.245032 0.844954 -1538 5296
-0.424834 1.400489 -2712 8935
-1.205031 3.803779 -7839 24736
1.917256 -5.803617 12713 -32767
0.579537 -1.684589 3920 -11406
0.356806 -0.997206 2467 -6898
0.265242 -0.713572 1873 -5042
0.215407 -0.558422 1557 -4039
0.184114 -0.460390 1361 -3411
0.162667 -0.392713 1231 -2979
0.147072 -0.343093 1145 -2675
0.135237 -0.305089 1079 -2437
0.125959 -0.275000 1032 -2259
0.118500 -0.250547 999 -2116
0.112379 -0.230252 972 -2003
0.107272 -0.213112 959 -1907
0.102950 -0.198425 944 -1832
0.099249 -0.185681 944 -1769
0.096047 -0.174505 940 -1718
0.093252 -0.164612 948 -1678
0.090793 -0.155783 953 -1641
0.088615 -0.147846 966 -1614
0.086675 -0.140664 976 -1592
0.084936 -0.134128 996 -1582
0.083370 -0.128148 1018 -1568
0.081953 -0.122652 1043 -1566
0.080667 -0.117577 1073 -1560
0.079494 -0.112873 1103 -1573
0.078421 -0.108497 -2024 -4728
0.077437 -0.104412 1179 -1593
0.076531 -0.100587 1228 -1621
0.075696 -0.096995 1279 -1629
0.074923 -0.093613 1339 -1683
0.074206 -0.090420 1390 -1696
0.073540 -0.087399 1460 -1743
0.072920 -0.084535 1536 -1782
0.072342 -0.081813 1621 -1856
0.071802 -0.079221 1724 -1912
0.071297 -0.076749 1837 -1983
0.070823 -0.074387 1965 -2070
0.070378 -0.072127 2119 -2171
0.069960 -0.069960 0 0
0.069567 -0.067880 2491 -2434
0.069196 -0.065880 2736 -2605
0.068846 -0.063955 3033 -2809
0.068516 -0.062099 3389 -3076
0.068204 -0.060309 3852 -3408
0.067909 -0.058579 4439 -3836
0.067629 -0.056905 5243 -4409
0.067364 -0.055284 6377 -5232
0.067113 -0.053713 8108 -6490
0.066874 -0.052189 11088 -8652
0.066647 -0.050708 17380 -13222
0.066432 -0.049269 32766 -29231
0.066227 -0.047869 -32767 32766
0.066032 -0.046505 -26705 18807
0.065846 -0.045176 -14689 10078
0.065669 -0.043879 -10190 6807
0.065501 -0.042613 -7831 5093
0.065340 -0.041376 -6382 4042
0.065187 -0.040167 -5409 3327
0.065041 -0.038984 -4699 2819
0.064902 -0.037826 -4169 2424
0.064769 -0.036691 -3753 2127
0.064641 -0.035578 -3419 1883
0.064520 -0.034487 -3147 1682
0.064404 -0.033415 -2919 1506
0.064294 -0.032363 -2728 1368
0.064188 -0.031328 -2568 1248
0.064088 -0.030311 -2420 1145
0.063991 -0.029310 -2296 1053
0.063900 -0.028325 -2189 969
0.063812 -0.027354 -2087 897
0.063728 -0.026397 -2007 831
0.063649 -0.025454 -1926 762
0.063573 -0.024523 -1862 716
0.063500 -0.023604 -1797 666
0.063431 -0.022696 -1746 623
0.063366 -0.021799 -1691 582
0.063304 -0.020913 -1648 532
0.063244 -0.020036 -1601 507
0.063188 -0.019168 -1567 478
0.063135 -0.018309 -1545 451
0.063084 -0.017458 -1505 419
0.063036 -0.016615 -1488 392
0.062991 -0.015779 -1445 359
0.062949 -0.014949 -1429 347
0.062909 -0.014127 -1401 317
0.062872 -0.013310 -1377 289
0.062837 -0.012499 -1355 270
0.062804 -0.011693 -1346 253
0.062774 -0.010892 -1323 231
0.062746 -0.010096 -2401 -1
0.062720 -0.009304 -1299 191
0.062696 -0.008515 -1288 173
0.062675 -0.007730 -1276 160
0.062656 -0.006948 -1272 142
0.062638 -0.006169 -1258 120
0.062623 -0.005393 -1252 107
0.062610 -0.004618 -1246 98
0.062599 -0.003846 -1243 72
0.062590 -0.003075 -1238 64
0.062583 -0.002305 -1233 49
0.062578 -0.001536 -1228 29
0.062575 -0.000768 -1229 15
0.062574 0.000000 -32767 0
0.062575 0.000768 -1225 -13
0.062578 0.001536 -1222 -28
0.062583 0.002305 -1233 -46
0.062590 0.003075 -1236 -60
0.062599 0.003846 -1241 -70
0.062610 0.004618 -1248 -92
0.062623 0.005393 -1251 -108
0.062638 0.006169 -1257 -125
0.062656 0.006948 -1266 -143
0.062675 0.007730 -1274 -151
0.062696 0.008515 -1288 -171
0.062720 0.009304 -1299 -190
0.062746 0.010096 -604 -1
0.062774 0.010892 -1324 -229
0.062804 0.011693 -1339 -249
0.062837 0.012499 -1357 -271
0.062872 0.013310 -1375 -290
0.062909 0.014127 -1394 -315
0.062949 0.014949 -1422 -337
0.062991 0.015779 -1449 -364
0.063036 0.016615 -1475 -387
0.063084 0.017458 -1502 -417
0.063135 0.018309 -1536 -447
0.063188 0.019168 -1568 -478
0.063244 0.020036 -1617 -509
0.063304 0.020913 -1642 -537
0.063366 0.021799 -1697 -578
0.063431 0.022696 -1748 -622
0.063500 0.023604 -1802 -670
0.063573 0.024523 -1866 -713
0.063649 0.025454 -1924 -771
0.063728 0.026397 -2006 -831
0.063812 0.027354 -2092 -889
0.063900 0.028325 -2188 -969
0.063991 0.029310 -2299 -1055
0.064088 0.030311 -2416 -1140
0.064188 0.031328 -2563 -1251
0.064294 0.032363 -2732 -1371
0.064404 0.033415 -2921 -1510
0.064520 0.034487 -3143 -1681
0.064641 0.035578 -3419 -1878
0.064769 0.036691 -3749 -2124
0.064902 0.037826 -4166 -2421
0.065041 0.038984 -4697 -2814
0.065187 0.040167 -5403 -3332
0.065340 0.041376 -6383 -4042
0.065501 0.042613 -7833 -5096
0.065669 0.043879 -10192 -6808
0.065846 0.045176 -14676 -10078
0.066032 0.046505 -26700 -18799
0.066227 0.047869 -32767 -32767
0.066432 0.049269 32766 29234
0.066647 0.050708 17380 13224
0.066874 0.052189 11083 8654
0.067113 0.053713 8115 6500
0.067364 0.055284 6376 5235
0.067629 0.056905 5240 4418
0.067909 0.058579 4442 3833
0.068204 0.060309 3851 3407
0.068516 0.062099 3392 3081
0.068846 0.063955 3031 2812
0.069196 0.065880 2737 2605
0.069567 0.067880 2495 2446
0.069960 0.069960 0 0
0.070378 0.072127 2119 2167
0.070823 0.074387 1968 2064
0.071297 0.076749 1841 1984
0.071802 0.079221 1725 1903
0.072342 0.081813 1626 1841
0.072920 0.084535 1539 1783
0.073540 0.087399 1459 1732
0.074206 0.090420 1391 1695
0.074923 0.093613 1324 1667
0.075696 0.096995 1274 1631
0.076531 0.100587 1224 1607
0.077437 0.104412 1179 1592
0.078421 0.108497 0 1573
0.079494 0.112873 1114 1573
0.080667 0.117577 1070 1562
0.081953 0.122652 1043 1563
0.083370 0.128148 1018 1559
0.084936 0.134128 995 1572
0.086675 0.140664 988 1595
0.088615 0.147846 962 1609
0.090793 0.155783 954 1644
0.093252 0.164612 942 1673
0.096047 0.174505 944 1717
0.099249 0.185681 946 1766
0.102950 0.198425 950 1824
0.107272 0.213112 951 1904
0.112379 0.230252 971 2002
0.118500 0.250547 995 2109
0.125959 0.275000 1035 2253
0.135237 0.305089 1076 2433
0.147072 0.343093 1148 2679
0.162667 0.392713 1232 2977
0.184114 0.460390 1363 3400
0.215407 0.558422 1557 4032
0.265242 0.713572 1870 5038
0.356806 0.997206 2465 6891
0.579537 1.684589 3916 11406
1.917256 5.803617 12707 32766
-1.205031 -3.803779 -7839 -24738
-0.424834 -1.400489 -2711 -8937
-0.245032 -0.844954 -1537 -5292
-0.165308 -0.597345 -1019 -3678
-0.120402 -0.456811 -732 -2767
-0.091670 -0.365966 -549 -2184
-0.071768 -0.302200 -425 -1776
-0.057218 -0.254802 -329 -1474
-0.046159 -0.218040 -265 -1250
-0.037509 -0.188568 -213 -1065
-0.030591 -0.164303 -168 -916
-0.024965 -0.143877 -137 -788
-0.020330 -0.126353 -1 -17683
-0.016476 -0.111070 -91 -602
-0.013248 -0.097543 -74 -518
-0.010534 -0.085411 -56 -447
-0.008250 -0.074397 -48 -397
-0.006331 -0.064284 -34 -337
-0.004727 -0.054897 -22 -288
-0.003400 -0.046097 -22 -239
-0.002320 -0.037764 -11 -193
-0.001464 -0.029799 -12 -151
-0.000815 -0.022115 -5 -120
-0.000359 -0.014634 -4 -78
-0.000089 -0.007284 -3 -36
];
